Salida del miniload lado: 0 columna 2: Nivel: 3 Posicion 1.

NOTA: La columna en los telegramas es + 1

MOVI:


00 00 28 16 00 32
00 03 03 01 00 38 00 00-00 00 
tipo carga 04 
tipo movi 00 
pes 00 00 
pes real 00 00
tol peso 00 
num cargas 00 
lote 00 00 
pos orden 00 00 
codigo error 00 
estado orden 00
traslo 00 
matricula 01 30 30 30 30 30 32 38 37 37 33 // Saca un 0 de la etiqueta ???
00 00 00 00-00 00           


AMOV:

00 00 28 16 00 32
00 03 03 01 00 38 00 00-00 00 04 00 00 00 00 00
00 00 00 00 00 00 00 00-00 01 30 30 30 30 30 32
38 37 37 33 00 00 00 00-00 00 

AVIS:

00 02 B3 BB F5 0D 08 00-06 01 00 00 08 00 45 00
00 46 4E 99 00 00 1E 06-35 6F 8C 50 00 01 8C 50
00 09 07 D0 04 FC 06 23-6C CE 40 53 17 F9 50 18
02 30 9C 2B 00 00 54 41-56 49 53 00 0A 00 00 CA
F0 00 00 00 00 00 00 00-00 00 00 00 28 16 00 33
00 00 00 00                                    

AAVI:

08 00 06 01 00 00 00 02-B3 BB F5 0D 08 00 45 00
00 46 0C 7B 40 00 80 06-00 00 8C 50 00 09 8C 50
00 01 04 FC 07 D0 40 53-17 F9 06 23 6C EC 50 18
FF 05 18 E3 00 00 54 41-41 56 49 00 0A 00 00 0A
22 19 0C 02 05 00 00 00-00 00 00 00 28 16 00 33
00 00 00 00                                    

FMOV:

00 02 B3 BB F5 0D 08 00-06 01 00 00 08 00 45 00
00 6C 4F 94 00 00 1E 06-34 4E 8C 50 00 01 8C 50
00 09 07 D0 04 FC 06 23-77 3C 40 53 19 07 50 18
02 30 86 A9 00 00 54 46-4D 4F 56 00 30 00 00 03
D2 00 00 00 00 00 00 00-00 00 00 00 28 16 00 32
00 03 03 01 00 38 00 00-00 00 04 00 00 00 00 00
00 00 00 00 00 63 00 00-01 01 30 30 30 30 30 32
38 37 37 33 00 00 00 00-00 00                      

28 16 00 32
00 03 03 01 00 38 00 00-00 00 04 00 00 00 00 00
00 00 00 00 
posicion orden: 00 63 
Cod error 00 
estado orden 00
traslo: 01 
etiqueta: 01 30 30 30 30 30 32 38 37 37 33 00 00 00 00-00 00


AFMO:

08 00 06 01 00 00 00 02-B3 BB F5 0D 08 00 45 00
00 46 1A 07 40 00 80 06-00 00 8C 50 00 09 8C 50
00 01 04 FC 07 D0 40 53-19 07 06 23 77 80 50 18
FA 93 18 E3 00 00 54 41-46 4D 4F 00 0A 00 00 0A
23 20 0C 02 05 00 00 00-00 00 00 00 28 16 00 32
00 03 03 01                                                          
                   

BMOV:

08 00 06 01 00 00 00 02-B3 BB F5 0D 08 00 45 00
00 6C 1C 0E 40 00 80 06-00 00 8C 50 00 09 8C 50
00 01 04 FC 07 D0 40 53-19 39 06 23 78 5C 50 18
FF FF 19 09 00 00 54 42-4D 4F 56 00 30 00 00 0A
23 21 0C 02 05 00 00 00-00 00 00 00 28 16 00 32
00 03 03 01 00 38 00 00-00 00 04 00 00 00 00 00
00 00 00 00 00 63 00 00-01 01 30 30 30 30 30 32
38 37 37 33 00 00 00 00-00 00                  


ABMO:

00 02 B3 BB F5 0D 08 00-06 01 00 00 08 00 45 00
00 46 4F C2 00 00 1E 06-34 46 8C 50 00 01 8C 50
00 09 07 D0 04 FC 06 23-79 38 40 53 19 7D 50 18
02 30 94 01 00 00 54 41-42 4D 4F 00 0A 00 00 00
00 00 00 00 00 00 00 00-00 00 00 00 28 16 00 32
00 03 03 01     

Entrada de cubeta en el MLD desde 56                               

MOVI:

08 00 06 01 00 00 00 02-B3 BB F5 0D 08 00 45 00
00 6C 65 AB 40 00 80 06-00 00 8C 50 00 09 8C 50
00 01 04 FC 07 D0 40 53-33 31 06 24 93 36 50 18
FF FF 19 09 00 00 54 4D-4F 56 49 00 30 00 00 0B
06 2F 0C 02 05 00 00 00-00 00 00 00 28 17 00 38
00 00 00 00 00 32 00 03-03 01 04 00 00 00 00 00
00 00 00 00 00 00 00 00-00 01 30 30 30 30 30 32
38 37 37 33 00 00 00 00-00 00 

Movimiento: 28 17
Posicion: 00 38
Lado: 00 
Prof: 00 
Altura: 00 
Hueco: 00 
Posición destino: 00 32
Lado: 00 
Prof: 03
Alt: 03 
Hueco: 01
Tipo Carga 04 
Tipo mov: 00 
Pes teorico: 00 00 
Pes. real: 00 00
Tol peso: 00 
Num cargas: 00 
Lote: 00 00 
Pos. orden: 00 00 
Cód error: 00 
Estado orden: 00 
Transelevador: 00 !!!
Matrícula: 01 30 30 30 30 30 32 38 37 37 33 



           

AMOV:

00 02 B3 BB F5 0D 08 00-06 01 00 00 08 00 45 00
00 6C 6C FC 00 00 1E 06-16 E6 8C 50 00 01 8C 50
00 09 07 D0 04 FC 06 24-93 36 40 53 33 75 50 18
02 30 23 AB 00 00 54 41-4D 4F 56 00 30 00 00 00
00 00 00 00 00 00 00 00-00 00 00 00 28 17 00 38
00 00 00 00 00 32 00 03-03 01 04 00 00 00 00 00
00 00 00 00 00 00 00 00-00 01 30 30 30 30 30 32
38 37 37 33 00 00 00 00-00 00                  


FMOV:

00 02 B3 BB F5 0D 08 00-06 01 00 00 08 00 45 00
00 6C 6F 71 00 00 1E 06-14 71 8C 50 00 01 8C 50
00 09 07 D0 04 FC 06 24-A0 5E 40 53 34 8D 50 18
02 30 40 FF 00 00 54 46-4D 4F 56 00 30 00 00 03
D3 00 00 00 00 00 00 00-00 00 00 00 28 17 00 38
00 00 00 00 00 32 00 03-03 01 04 00 00 00 00 00
00 00 00 00 00 63 00 00-01 01 30 30 30 30 30 32
38 37 37 33 00 00 00 00-00 00        

AFMO:

08 00 06 01 00 00 00 02-B3 BB F5 0D 08 00 45 00
00 46 74 8F 40 00 80 06-00 00 8C 50 00 09 8C 50
00 01 04 FC 07 D0 40 53-34 A1 06 24 A0 A2 50 18
FE DF 18 E3 00 00 54 41-46 4D 4F 00 0A 00 00 0B
08 09 0C 02 05 00 00 00-00 00 00 00 28 17 00 38
00 00 00 00                                    

BMOV:

08 00 06 01 00 00 00 02-B3 BB F5 0D 08 00 45 00
00 6C 76 FF 40 00 80 06-00 00 8C 50 00 09 8C 50
00 01 04 FC 07 D0 40 53-34 BF 06 24 A1 7E 50 18
FE 03 19 09 00 00 54 42-4D 4F 56 00 30 00 00 0B
08 09 0C 02 05 00 00 00-00 00 00 00 28 17 00 38
00 00 00 00 00 32 00 03-03 01 04 00 00 00 00 00
00 00 00 00 00 63 00 00-01 01 30 30 30 30 30 32
38 37 37 33 00 00 00 00-00 00                  

ABMO:

00 02 B3 BB F5 0D 08 00-06 01 00 00 08 00 45 00
00 46 6F A7 00 00 1E 06-14 61 8C 50 00 01 8C 50
00 09 07 D0 04 FC 06 24-A1 7E 40 53 35 17 50 18
02 1D 53 30 00 00 54 41-42 4D 4F 00 0A 00 00 00
00 00 00 00 00 00 00 00-00 00 00 00 28 17 00 38
00 00 00 00                                    